0
40
41
42
43
44
45
46
47
48
49
50
51
53
54
55
57
58
60
61
63
65
67
68
70
72
74
75
77
79
81
82
84
86
88
89
91
93
95
96
98
100
102
103
105
107
109
110
112
114
116
117
119
121
123
124
126
128
130
131
133
135
137
138
140
142
144
145
147
149
151
152
154
156
158
159
161
163
165
166
168
170
172
173
175
177
179
180
182
184
186
187
189
191
193
194
196
198
200
201
203
205
207
208
210
212
214
215
217
219
221
222
224
226
228
229
231
233
235
236
238
240
242
243
244
245
246
247
248
249
250
251
252
253
254
255
256
257
258
259
260
261
262
263
264
265
266
267
268
269
270
271
272
273
274
275
276
277
278
279
280
281
282
283
284
285
286
287
288
289
290
291
292
293
294
295
296
297
298
299
300
301
302
303
304
305
306
307
308
309
310
311
312
313
314
315
316
317
318
319
320
321
322
323
324
325
326
327
328
329
330
331
332
333
334
335
336
337
338
339
340
341
342
343
344
345
346
347
348
349
350
351
352
353
354
355
356
357
358
359
360
361
362
363
364
365
366
367
368
369
370
371
372
373
374
375
376
377
378
379
380
381
382
383
384
385
386
387
388
389
390
391
392
393
394
395
396
397
398
399
400
401
402
403
404
405
406
407
408
409
410
411
412
413
414
415
416
417
418
419
420
421
422
423
424
425
426
427
428
429
430
431
432
433
434
435
436
437
438
439
440
441
442
443
444
445
446
447
448
449
450
451
452
453
454
455
456
457
458
459
460
461
462
463
464
465
466
467
468
469
470
471
472
473
474
475
476
477
478
479
480
481
482
483
484
485
486
487
488
489
490
491
492
493
494
495
496
497
498
499
500
501
502
503
504
505
506
507
508
509
510
511
512
513
514
515
516
517
518
519
520
521
522
523
524
525
526
527
528
529
530
531
532
533
534
535
536
537
538
539
540
541
542
543
544
545
546
547
548
549
550
551
552
553
554
555
556
557
558
559
560
561
562
563
564
565
566
567
568
569
570
571
572
573
574
575
576
577
578
579
580
581
582
583
584
585
586
587
588
589
590
591
592
593
594
595
596
597
598
599
600
601
602
603
604
605
606
607
608
609
610
611
612
613
614
615
616
617
618
619
620
621
622
623
624
625
626
627
628
629
630
631
632
633
634
635
636
637
638
639
640
641
642
643
644
645
646
647
648
649
650
651
652
653
654
655
656
657
658
659
660
661
662
663
664
665
666
667
668
669
670
671
672
673
674
675
676
677
678
679
680
681
682
683
684
685
686
687
688
689
690
691
692
693
694
695
696
697
698
699
700
701
702
703
704
705
706
707
708
709
710
711
712
713
714
715
716
717
718
719
720
721
722
723
724
725
726
727
728
729
730
731
732
733
734
735
736
737
738
739
740
741
742
743
744
745
746
747
748
749
750
751
752
753
754
755
756
757
758
759
760
761
762
763
764
765
766
767
768
769
770
771
772
773
774
775
776
777
778
779
780
781
782
783
784
785
786
787
788
789
790
791
792
793
794
795
796
797
798
799
800
801
802
803
804
805
806
807
808
809
810
811
812
813
814
815
816
817
818
819
820
821
822
823
824
825
826
827
828
829
830
831
832
833
834
835
836
837
838
839
840
841
842
843
844
845
846
847
848
849
850
851
852
853
854
855
856
857
858
859
860
861
862
863
864
865
866
867
868
869
870
871
872
873
874
875
876
877
878
879
880
881
882
883
884
885
886
887
888
889
890
891
892
893
894
895
896
897
898
899
900
901
902
903
904
905
906
907
908
909
910
911
912
913
914
915
916
917
918
919
920
921
923
925
926
927
928
930
932
933
934
935
937
939
940
941
942
944
946
947
948
949
951
953
954
955
956
958
960
961
962
963
965
967
968
969
970
972
974
975
976
977
979
981
982
983
984
986
988
989
990
991
993
995
996
997
998
1000
1002
1003
1004
1005
1007
1009
1010
1011
1012
1014
1016
1017
1018
1019
1021
1023
1024
1025
1026
1028
1030
1031
1032
1033
1035
1037
1038
1039
1040
1042
1044
1045
1046
1047
1049
1051
1052
1053
1054
1056
1058
1059
1060
1061
1063
1065
1066
1067
1068
1070
1072
1073
1074
1075
1077
1079
1080
1081
1082
1084
1086
1087
1088
1089
1091
1093
1094
1095
1096
1098
1100
1101
1102
1103
1105
1107
1108
1109
1110
1112
1114
1115
1116
1117
1119
1121
1122
1123
1124
1125
1126
1127
1128
1129
1130
1131
1133
1135
1136
1137
1138
1140
1142
1143
1144
1145
1147
1149
1150
1151
1152
1154
1156
1157
1158
1159
1161
1163
1164
1165
1166
1168
1170
1171
1172
1173
1175
1177
1178
1179
1180
1182
1184
1185
1186
1187
1189
1191
1192
1193
1194
1196
1198
1199
1200
1201
1203
1205
1206
1207
1208
1210
1212
1213
1214
1215
1217
1219
1220
1221
1222
1224
1226
1227
1228
1229
1231
1233
1234
1235
1236
1238
1240
1241
1242
1243
1245
1247
1248
1249
1250
1252
1254
1255
1256
1257
1259
1261
1262
1263
1264
1266
1268
1269
1270
1271
1273
1275
1276
1277
1278
1280
1282
1283
1284
1285
1287
1289
1290
1291
1292
1294
1296
1297
1298
1299
1301
1303
1304
1305
1306
1308
1310
1311
1312
1313
1315
1317
1318
1319
1320
1321
1322
1323
1324
1325
1326
1327
1328
1329
1330
1331
1332
1333
1334
1335
1336
1337
1338
1339
1340
1341
1343
1345
1346
1347
1348
1350
1352
1353
1354
1355
1357
1359
1360
1361
1362
1364
1366
1367
1368
1369
1371
1373
1374
1375
1376
1378
1380
1381
1382
1383
1385
1387
1388
1389
1390
1392
1394
1395
1396
1397
1399
1401
1402
1403
1404
1406
1408
1409
1410
1411
1412
1413
1414
1415
1416
1417
1418
1420
1422
1424
1425
1427
1429
1431
1432
1434
1436
1438
1439
1441
1443
1445
1446
1448
1450
1452
1453
1455
1457
1459
1460
1462
1464
1466
1467
1469
1471
1473
1474
1476
1478
1480
1481
1483
1485
1487
1488
1490
1492
1494
1495
1497
1499
1501
1502
1504
1506
1508
1509
1511
1513
1515
1516
1518
1520
1522
1523
1525
1527
1529
1530
1532
1534
1536
1537
1539
1541
1543
1544
1546
1548
1550
1551
1553
1555
1557
1558
1560
1562
1564
1565
1567
1569
1571
1572
1574
1576
1578
1579
1581
1583
1585
1586
1588
1590
1592
1593
1595
1597
1599
1600
1602
1604
1606
1607
1609
1611
1613
1614
1616
1618
1620
1621
1623
1625
1627
1628
1630
1632
1634
1635
1637
1639
1641
1642
1644
1646
1648
1649
1651
1653
1655
1656
1658
1660
1662
1663
1665
1667
1669
1670
1672
1674
1676
1677
1679
1681
1683
1684
1686
1688
1690
1691
1693
1695
1697
1698
1700
1702
1704
1705
1707
1709
1711
1712
1714
1716
1718
1719
1721
1723
1725
1726
1728
1730
1732
1733
1735
1737
1739
1740
1742
1744
1746
1747
1749
1751
1753
1754
1756
1758
1760
1761
1763
1765
1767
1768
1770
1772
1774
1775
1777
1779
1781
1782
1784
1786
1788
