40
41
42
43
44
45
46
47
48
49
50
51
53
54
55
57
58
61
63
65
67
68
70
72
74
75
77
79
81
82
84
86
88
89
91
93
95
96
98
100
102
103
105
107
109
110
112
114
116
117
119
121
123
124
126
128
130
131
133
137
138
140
142
144
145
147
149
151
152
154
156
158
159
161
163
165
166
168
170
172
173
175
177
179
180
182
184
186
187
189
191
193
194
196
198
200
201
203
205
207
208
210
212
214
215
217
219
221
222
224
226
228
229
231
233
235
236
238
240
242
243
244
245
246
247
249
250
251
252
254
256
257
259
260
261
262
263
264
266
268
270
271
273
275
276
277
278
280
282
284
285
287
289
292
294
296
298
299
300
301
303
304
305
306
307
308
309
310
311
312
313
315
317
319
320
322
324
325
326
327
328
329
330
331
333
335
336
337
338
339
340
341
342
343
345
346
347
348
350
351
352
353
354
355
357
358
359
361
364
365
366
368
370
372
373
375
376
378
379
380
381
382
383
385
386
387
388
389
390
392
394
396
397
398
399
400
401
403
404
405
406
407
408
410
411
412
413
414
415
417
418
419
420
421
422
423
424
425
427
428
429
431
432
433
434
435
436
438
440
441
442
443
444
445
446
447
448
449
450
451
452
453
455
456
457
458
459
460
462
463
464
465
466
467
469
471
472
473
474
475
476
478
479
480
482
483
484
485
486
487
488
489
490
492
494
495
496
497
499
500
501
502
504
505
506
507
508
509
510
511
512
513
515
516
517
518
519
520
522
524
525
526
527
529
530
532
533
534
536
537
539
540
541
542
543
544
546
547
548
550
551
552
553
554
555
556
557
558
559
560
561
562
564
565
566
567
569
570
571
572
574
576
577
578
579
581
583
585
586
587
588
590
592
594
595
597
598
599
600
601
602
603
604
605
606
607
608
614
616
618
622
624
625
626
627
628
629
630
631
632
633
634
635
636
638
639
644
646
647
653
654
655
663
664
665
666
667
668
670
671
672
673
674
675
676
677
679
681
683
689
690
691
693
698
699
700
701
702
703
704
705
706
707
708
709
710
711
712
713
716
717
719
722
723
724
725
738
740
741
742
743
744
745
747
748
749
750
751
752
754
756
758
776
780
782
783
784
785
786
787
788
789
791
792
793
813
815
816
817
818
819
820
821
822
824
825
826
827
828
829
831
833
852
855
856
857
859
860
861
862
863
864
865
866
868
888
889
890
891
892
893
894
895
896
897
898
899
900
901
902
903
904
905
906
917
918
919
920
921
923
925
927
928
930
932
933
934
936
937
938
939
940
941
942
943
956
957
958
960
961
962
963
965
967
968
969
970
971
973
974
975
976
977
978
980
981
982
993
995
996
997
998
1000
1002
1003
1004
1005
1008
1009
1010
1011
1013
1014
1015
1016
1017
1018
1020
1024
1025
1031
1032
1033
1035
1037
1038
1039
1040
1042
1044
1045
1046
1047
1048
1049
1050
1051
1052
1053
1055
1057
1068
1070
1072
1073
1074
1075
1077
1079
1080
1081
1083
1084
1085
1086
1087
1088
1089
1090
1091
1092
1093
1094
1095
1097
1098
1107
1108
1110
1112
1114
1115
1116
1117
1119
1121
1122
1123
1124
1125
1126
1127
1128
1129
1130
1132
1144
1145
1147
1150
1151
1152
1153
1154
1156
1158
1159
1160
1161
1162
1163
1164
1165
1166
1167
1168
1169
1171
1182
1186
1187
1189
1191
1192
1193
1194
1196
1197
1199
1200
1201
1202
1203
1204
1205
1206
1218
1219
1220
1221
1222
1226
1227
1228
1229
1231
1233
1234
1235
1236
1237
1238
1239
1240
1241
1242
1244
1246
1247
1248
1250
1251
1252
1253
1257
1258
1261
1266
1268
1271
1275
1276
1278
1279
1281
1284
1290
1291
1292
1294
1296
1298
1301
1303
1304
1305
1308
1309
1310
1311
1312
1313
1314
1316
1317
1318
1319
1320
1321
1322
1323
1324
1325
1326
1327
1328
1331
1332
1333
1334
1335
1336
1338
1341
1345
1346
1348
1349
1350
1351
1352
1353
1354
1356
1359
1360
1364
1365
1367
1368
1369
1371
1373
1376
1378
1380
1382
1383
1384
1385
1386
1387
1388
1389
1390
1391
1392
1393
1394
1395
1396
1397
1401
1402
1403
1407
1408
1409
1410
1415
1417
1424
1425
1442
1477
1499
1501
1552
1628
1703
1752
1790
1827
1866
1941
