40
41
42
43
44
45
46
47
48
49
50
51
53
54
55
57
58
60
61
63
65
67
68
70
72
74
75
77
79
81
82
84
86
88
89
91
93
95
96
98
100
102
103
105
107
109
110
112
114
116
117
119
121
123
124
126
128
130
131
133
137
138
140
142
144
145
147
149
151
152
154
156
158
159
161
163
165
166
168
170
172
173
175
177
179
180
182
184
186
187
189
191
193
194
196
198
200
201
203
205
207
208
210
212
214
215
217
219
221
222
224
226
228
229
231
233
235
236
238
240
242
243
244
245
246
247
249
250
251
252
254
257
259
261
262
263
264
266
267
268
269
270
271
273
274
275
276
277
278
280
282
284
285
287
289
291
292
294
296
298
299
300
301
302
303
304
305
306
307
308
309
310
311
312
313
315
317
319
320
322
324
326
327
328
329
330
331
333
335
336
337
338
339
340
341
342
343
344
345
346
347
348
350
351
352
353
354
355
357
358
359
361
362
364
365
366
368
369
370
371
372
373
375
376
377
378
379
380
381
382
383
384
385
386
387
388
389
390
392
394
396
397
398
399
401
403
404
405
406
407
408
410
411
412
413
414
415
416
417
418
419
420
421
422
423
424
425
427
428
429
431
432
433
434
435
436
438
439
440
441
442
443
444
445
446
447
448
449
450
452
453
454
455
456
457
458
459
460
461
462
463
464
465
466
467
469
471
473
474
475
476
477
478
479
480
481
482
483
484
485
486
487
488
489
490
491
492
493
494
495
496
497
498
499
500
501
502
504
505
506
507
508
509
510
511
512
513
515
516
517
518
519
520
521
522
523
524
525
526
527
528
529
530
531
532
533
534
535
536
537
538
539
540
541
542
543
544
546
547
548
550
551
552
553
554
555
556
557
558
559
560
561
562
563
564
565
566
567
568
569
570
571
572
573
574
575
576
577
578
579
581
583
585
586
587
588
589
590
591
592
593
594
595
596
597
598
599
600
601
602
603
604
606
607
608
610
611
612
613
614
615
616
624
625
626
627
628
629
630
631
632
633
635
636
637
638
642
643
644
645
646
647
648
649
651
652
653
654
655
656
660
662
663
664
665
666
667
668
670
671
672
673
674
676
679
681
682
683
685
687
688
689
690
691
699
701
702
703
704
705
706
707
708
709
710
711
712
722
723
724
725
727
728
729
738
740
741
742
743
744
745
747
748
749
750
751
752
754
758
764
765
766
780
782
783
784
785
786
787
788
789
790
791
793
800
802
803
804
813
816
817
819
820
821
822
824
825
826
827
828
829
831
833
839
840
841
855
856
857
859
860
861
862
863
864
865
866
868
876
878
879
891
892
894
896
897
898
899
900
901
902
903
904
905
914
915
916
917
918
919
920
921
923
925
926
927
928
930
932
934
936
938
939
940
941
943
953
955
956
957
958
960
961
962
963
965
967
968
969
971
972
973
974
975
976
977
978
979
980
981
982
989
990
995
996
997
998
1000
1002
1003
1004
1005
1007
1008
1009
1010
1011
1013
1014
1015
1016
1017
1018
1019
1020
1021
1022
1024
1025
1028
1030
1031
1032
1033
1035
1037
1038
1039
1040
1042
1044
1046
1047
1048
1049
1050
1051
1052
1053
1054
1055
1056
1057
1060
1061
1065
1066
1068
1069
1070
1072
1073
1074
1075
1077
1079
1080
1081
1082
1083
1084
1085
1086
1087
1088
1089
1090
1091
1092
1093
1094
1095
1096
1097
1098
1106
1107
1110
1112
1113
1114
1115
1116
1117
1119
1121
1122
1123
1124
1125
1126
1127
1128
1129
1130
1131
1132
1133
1134
1136
1140
1145
1147
1149
1150
1151
1152
1154
1156
1157
1158
1160
1161
1162
1163
1164
1165
1166
1167
1168
1169
1170
1171
1186
1189
1191
1192
1193
1194
1196
1197
1198
1199
1200
1201
1202
1203
1204
1205
1206
1207
1208
1209
1215
1216
1218
1219
1220
1221
1222
1223
1224
1226
1227
1228
1229
1231
1235
1236
1237
1238
1239
1240
1241
1242
1243
1244
1245
1246
1247
1248
1249
1250
1251
1252
1253
1254
1255
1256
1257
1258
1268
1271
1273
1274
1275
1276
1277
1278
1279
1280
1281
1282
1283
1284
1285
1286
1287
1288
1289
1290
1291
1292
1293
1294
1296
1297
1298
1299
1301
1303
1304
1305
1310
1311
1312
1313
1314
1315
1316
1317
1318
1319
1320
1321
1322
1323
1324
1325
1326
1327
1328
1329
1330
1331
1332
1333
1334
1335
1337
1338
1340
1341
1343
1345
1347
1348
1350
1351
1352
1353
1354
1355
1356
1357
1358
1359
1360
1361
1362
1363
1364
1365
1366
1367
1368
1369
1370
1371
1372
1373
1375
1376
1378
1380
1382
1385
1386
1387
1388
1389
1390
1391
1392
1393
1394
1395
1396
1397
1398
1399
1400
1401
1402
1403
1404
1405
1406
1407
1408
1409
1410
1411
1418
1424
1425
1434
1436
1438
1440
1441
1443
1445
1449
1450
1453
1455
1457
1460
1462
1464
1471
1473
1474
1475
1476
1477
1478
1479
1480
1481
1482
1483
1484
1485
1486
1490
1491
1492
1493
1494
1497
1498
1499
1500
1501
1509
1510
1511
1513
1514
1515
1516
1517
1518
1519
1520
1521
1522
1523
1524
1525
1528
1530
1549
1550
1552
1553
1554
1556
1557
1558
1559
1560
1561
1564
1565
1569
1572
1583
1584
1586
1587
1588
1589
1590
1591
1592
1593
1594
1595
1596
1597
1598
1599
1600
1601
1604
1605
1606
1607
1610
1613
1615
1627
1628
1629
1632
1633
1634
1635
1636
1644
1646
1648
1649
1650
1652
1659
1662
1663
1666
1667
1669
1670
1672
1673
1679
1680
1681
1683
1685
1686
1688
1690
1702
1703
1704
1705
1708
1709
1710
1711
1712
1713
1719
1725
1727
1732
1734
1737
1739
1741
1742
1744
1745
1747
1748
1749
1750
1752
1753
1755
1756
1757
1758
1760
1761
1763
1765
1774
1778
1779
1780
1781
1782
1783
1784
1785
1786
1788
1789
1790
1794
1796
1797
1798
1799
1812
1818
1819
1820
1824
1825
1827
1828
1829
1832
1835
1836
1840
1841
1844
1845
1849
1854
1855
1857
1860
1861
1864
1865
1869
1871
1872
1873
1875
1877
1881
1883
1885
1887
1888
1893
1894
1895
1896
1898
1899
1901
1902
1904
1907
1909
1911
1912
1915
1922
1924
1934
1939
1940
1942
1943
1944
1946
1947
1948
1958
1963
1968
1970
1971
1973
1974
1976
1977
1978
1982
1997
2014
2015
2016
2017
2018
2057
2063
2064
2067
2090
2091
2103
2111
2130
2131
2142
2144
2145
2146
2147
2162
2175
2176
2177
2178
2179
2180
2193
2195
2197
2210
2224
2226
2227
2228
2229
2245
2251
2284
2286
2288
2290
2291
2293
2319
2324
2326
2328
2330
2332
2354
2365
2366
2367
2368
2369
2370
2371
2372
2386
2397
2399
2400
2401
2402
2403
2413
2414
2415
2416
2417
2418
2421
2434
2446
2452
2453
2466
2467
2469
2470
2509
2584
2633
2708
