40
41
42
43
44
45
46
47
48
49
50
51
53
54
55
56
57
58
60
62
63
65
67
68
70
74
75
77
79
80
82
84
86
87
88
90
91
93
95
96
97
99
100
101
103
105
107
109
110
112
113
114
116
118
119
120
121
123
125
127
128
129
130
131
133
134
135
136
137
138
140
142
143
144
146
147
148
149
150
151
153
155
156
157
158
160
162
163
164
165
166
167
168
169
170
172
173
175
176
177
178
179
181
182
184
185
186
187
188
189
190
191
193
194
195
196
199
200
201
202
203
204
207
208
209
210
211
213
215
216
217
218
219
221
224
225
226
227
228
230
231
232
233
234
236
238
239
241
242
243
244
245
246
247
248
249
250
251
252
254
256
258
260
261
262
263
265
267
269
271
273
274
275
276
277
278
279
280
282
284
285
286
287
289
291
293
294
295
297
298
299
300
301
302
303
304
305
306
307
308
309
310
314
315
316
317
319
321
324
326
328
331
333
336
337
341
345
346
348
350
351
354
357
359
363
366
367
368
372
375
376
379
380
381
382
384
386
389
394
396
397
398
399
407
409
411
412
413
415
424
426
427
428
433
434
435
437
438
439
440
441
442
443
446
449
450
452
453
454
457
458
459
461
466
468
469
470
473
475
477
482
483
484
485
488
492
494
496
499
501
503
511
512
514
518
520
523
526
529
533
538
541
547
548
555
556
563
564
571
572
573
581
582
583
586
588
590
591
593
594
595
596
597
598
599
601
602
603
604
607
608
609
614
615
616
617
623
624
625
627
631
633
634
635
637
639
642
643
646
648
650
651
652
654
660
661
665
668
669
670
676
677
680
682
684
686
689
691
695
696
697
699
702
703
706
711
712
714
721
722
723
724
725
726
727
729
730
731
732
736
738
739
743
744
747
751
753
755
756
759
762
763
765
766
771
772
773
776
778
779
780
782
788
789
791
793
797
798
800
806
808
814
816
817
821
823
824
826
827
835
836
837
838
841
843
851
852
853
856
861
866
867
868
870
871
875
878
881
883
884
886
887
893
896
897
898
900
901
903
904
905
907
908
911
913
914
915
916
920
921
922
923
930
931
932
933
939
940
946
947
948
949
956
957
958
961
962
965
966
967
974
975
976
977
985
986
991
992
998
999
1000
1001
1007
1012
1013
1014
1015
1020
1022
1028
1029
1030
1037
1043
1044
1045
1046
1052
1054
1058
1059
1060
1063
1067
1072
1073
1074
1075
1081
1082
1088
1089
1090
1097
1098
1103
1104
1105
1107
1112
1116
1118
1119
1120
1124
1127
1133
1134
1135
1142
1148
1149
1150
1151
1157
1159
1163
1164
1165
1168
1172
1177
1179
1180
1186
1187
1189
1194
1195
1198
1202
1203
1207
1209
1210
1212
1215
1217
1221
1224
1225
1230
1232
1233
1234
1241
1242
1243
1247
1250
1251
1256
1259
1260
1262
1267
1268
1269
1271
1275
1277
1282
1285
1287
1288
1292
1294
1298
1303
1306
1307
1312
1315
1320
1321
1322
1324
1325
1328
1329
1330
1332
1334
1336
1337
1338
1341
1344
1345
1347
1350
1352
1354
1355
1359
1361
1362
1364
1367
1368
1370
1371
1373
1377
1379
1382
1387
1389
1390
1396
1397
1399
1404
1405
1408
1412
1414
1419
1420
1427
1432
